0 0.412861 0.480168 0.393029 0.306490
0 0.152644 0.805889 0.305288 0.212740
0 0.826923 0.513822 0.250000 0.123798
0 0.831731 0.634014 0.250000 0.133413
0 0.793870 0.809495 0.217548 0.253606
0 0.693510 0.379207 0.262019 0.123798
0 0.664062 0.275841 0.155048 0.056490
0 0.379808 0.164663 0.173077 0.069712
0 0.575721 0.194712 0.175481 0.076923
0 0.739183 0.158053 0.137019 0.090144
0 0.658053 0.094952 0.104567 0.050481
0 0.549279 0.070312 0.117788 0.039663
0 0.438702 0.096154 0.117788 0.043269
0 0.259014 0.112981 0.085337 0.033654
0 0.290865 0.063101 0.062500 0.020433
0 0.312500 0.022236 0.057692 0.020433
0 0.381010 0.039663 0.060096 0.026442
