2 0.129688 0.055078 0.031250 0.091406
1 0.338281 0.062109 0.026562 0.096094
1 0.094922 0.067187 0.055469 0.093750
1 0.315625 0.075391 0.062500 0.113281
1 0.279297 0.080859 0.024219 0.064844
1 0.476953 0.102734 0.060156 0.117969
1 0.433594 0.118359 0.026562 0.064844
1 0.391797 0.123047 0.024219 0.042969
1 0.629687 0.128516 0.056250 0.113281
1 0.542969 0.136328 0.026562 0.069531
1 0.571484 0.149219 0.024219 0.057813
1 0.714453 0.162109 0.028906 0.064844
1 0.783984 0.165625 0.024219 0.062500
1 0.677734 0.166797 0.024219 0.064844
1 0.819531 0.181641 0.060937 0.122656
1 0.923047 0.183203 0.033594 0.069531
1 0.885938 0.189844 0.021875 0.057813
1 0.975781 0.206641 0.035937 0.082031