0 0.421274 0.716947 0.222356 0.106971
0 0.656250 0.846154 0.129808 0.120192
0 0.574519 0.637620 0.115385 0.063702
0 0.543870 0.568510 0.092548 0.050481
0 0.429688 0.609375 0.094952 0.050481
0 0.417668 0.507212 0.085337 0.033654
0 0.617188 0.478966 0.162260 0.039663
0 0.724159 0.517428 0.097356 0.039663
0 0.527043 0.433894 0.087740 0.026442
0 0.078125 0.657452 0.156250 0.088942
0 0.129207 0.581731 0.099760 0.043269
0 0.179087 0.539663 0.112981 0.050481
0 0.245192 0.468149 0.067308 0.022837
0 0.311298 0.434495 0.069712 0.022837
0 0.267428 0.394832 0.106971 0.030048
0 0.397236 0.349760 0.102163 0.026442
0 0.354567 0.373197 0.064904 0.020433
0 0.512019 0.387620 0.057692 0.020433