0 0.346154 0.544471 0.105769 0.093750
0 0.367788 0.444111 0.076923 0.066106
0 0.476562 0.490385 0.068510 0.052885
0 0.583534 0.514423 0.070913 0.052885
0 0.587139 0.382812 0.068510 0.063702
0 0.716947 0.390024 0.063702 0.073317
0 0.481971 0.672476 0.156250 0.143029
0 0.516827 0.843750 0.105769 0.139423
0 0.901442 0.125000 0.163462 0.096154
0 0.506611 0.194111 0.109375 0.056490
0 0.349159 0.286058 0.068510 0.043269
0 0.270433 0.213942 0.064904 0.052885
0 0.213341 0.266827 0.056490 0.052885
0 0.132812 0.301082 0.097356 0.063702
0 0.233173 0.384014 0.096154 0.080529
0 0.344952 0.331731 0.055288 0.043269
0 0.750601 0.245192 0.058894 0.043269