0 0.356971 0.526442 0.069712 0.043269
0 0.122596 0.819111 0.153846 0.176683
0 0.202524 0.888221 0.082933 0.103365
0 0.329327 0.727764 0.091346 0.090144
0 0.429087 0.745793 0.093750 0.082933
0 0.567308 0.765024 0.076923 0.063702
0 0.484976 0.876803 0.090144 0.099760
0 0.344351 0.896635 0.097356 0.110577
0 0.402644 0.972356 0.127404 0.050481
0 0.635817 0.947716 0.127404 0.082933
0 0.459135 0.570312 0.043269 0.039663
0 0.421875 0.543870 0.036058 0.020433
0 0.528846 0.521034 0.153846 0.133413
0 0.772837 0.707933 0.324519 0.233173
0 0.935096 0.907452 0.129808 0.180288