0 0.280649 0.643029 0.412260 0.266827
0 0.254808 0.416466 0.076923 0.039663
0 0.135817 0.899038 0.127404 0.197115
0 0.640625 0.715745 0.141827 0.143029
0 0.691707 0.871394 0.085337 0.137019
0 0.810697 0.823918 0.121394 0.143029
0 0.826322 0.663462 0.162260 0.120192
0 0.879808 0.554688 0.235577 0.143029
0 0.710938 0.456130 0.085337 0.080529
0 0.769832 0.397837 0.131010 0.069712
0 0.599159 0.539663 0.145433 0.146635
0 0.480168 0.421875 0.070913 0.069712
0 0.948918 0.792668 0.099760 0.133413
0 0.493990 0.733173 0.064904 0.110577