6 0.319602 0.364058 0.114016 0.142964
6 0.592633 0.074349 0.064422 0.090526
6 0.187617 0.556704 0.134016 0.272133
6 0.548898 0.332258 0.052172 0.161302
6 0.291734 0.426884 0.110375 0.251607
6 0.605484 0.311551 0.126688 0.114460
6 0.389813 0.277244 0.106438 0.112105
6 0.418516 0.131898 0.061594 0.109224
6 0.371844 0.180956 0.038656 0.143463
6 0.200570 0.356440 0.089234 0.155374
7 0.835430 0.580069 0.329141 0.471884
6 0.652172 0.240596 0.059844 0.106842
6 0.693312 0.184183 0.092844 0.092078
6 0.577562 0.207535 0.050062 0.093241
6 0.426563 0.380886 0.640625 0.722992
