8 0.518172 0.402667 0.246375 0.153750
10 0.490375 0.894865 0.323656 0.210271
10 0.603719 0.907333 0.250531 0.155167
10 0.809008 0.919792 0.287484 0.141708
10 0.788195 0.823167 0.351734 0.136667
10 0.661219 0.605708 0.188344 0.076625
10 0.575562 0.767406 0.264594 0.083146
10 0.872945 0.555104 0.253672 0.087625
10 0.882414 0.631375 0.235172 0.118958
10 0.213203 0.860677 0.308438 0.256188
10 0.711148 0.721854 0.280391 0.083333
10 0.247750 0.725844 0.279781 0.125854
10 0.676688 0.676844 0.325281 0.110104
10 0.094641 0.959313 0.184750 0.081375
10 0.499219 0.807292 0.998437 0.381250
