8 0.2771796875 0.4769519832985386 0.22354687499999998 0.30133611691022966
1 0.53471875 0.6937473903966597 0.67896875 0.5659081419624217
0 0.510453125 0.43864300626304803 0.3010625 0.7483089770354906
0 0.7568515625000001 0.23933194154488519 0.040359374999999996 0.18651356993736953
0 0.8164453125 0.23697286012526098 0.041640625 0.13870563674321504
0 0.7336406249999999 0.2453757828810021 0.02740625 0.16064718162839248
0 0.6607890625 0.20599164926931107 0.024390625 0.11373695198329853
0 0.3529296875 0.2272338204592902 0.043921875 0.1183089770354906
0 0.24522656250000002 0.2211795407098121 0.024171875000000002 0.09551148225469729
0 0.055484374999999996 0.21991649269311064 0.020999999999999998 0.07110647181628393
0 0.896546875 0.23360125260960335 0.0435 0.1691231732776618
0 0.8478046875 0.23621085594989563 0.040203125 0.16782881002087682
0 0.3963984375 0.2222651356993737 0.020515625000000003 0.1015240083507307
0 0.37596875 0.20843423799582464 0.021562500000000002 0.07252609603340293
