8 0.5785234375 0.5800313152400836 0.103859375 0.1393528183716075
3 0.54178125 0.6571503131524008 0.2840625 0.23722338204592902
0 0.845 0.4808455114822547 0.18665625 0.511169102296451
0 0.7413984375 0.48994780793319415 0.090140625 0.1577661795407098
0 0.66803125 0.4948956158663883 0.11587499999999999 0.18298538622129437
0 0.6225390625 0.3993528183716075 0.052171875 0.26647181628392486
0 0.5846875 0.4304279749478079 0.05665625 0.26177453027139874
0 0.39503125 0.38657620041753654 0.060750000000000005 0.15407098121085594
0 0.341078125 0.4447912317327766 0.06428125 0.29668058455114826
0 0.0630703125 0.4651670146137787 0.079046875 0.37304801670146137
0 0.1955546875 0.47344467640918586 0.075953125 0.32258872651356996
0 0.20773437499999997 0.42589770354906054 0.07478125 0.15121085594989564
0 0.9466328125000001 0.34177453027139876 0.045390625000000004 0.1750730688935282
0 0.3144921875 0.41387265135699375 0.045078125000000004 0.2121294363256785
0 0.404109375 0.46551148225469735 0.0528125 0.10709812108559498
0 0.665625 0.47390396659707723 0.465625 0.4384133611691023
