2 0.526531 0.626406 0.127062 0.135687
2 0.714367 0.583740 0.061953 0.051521
2 0.672875 0.577760 0.050125 0.044729
2 0.409641 0.570865 0.028437 0.059271
0 0.118289 0.707146 0.196297 0.585708
0 0.336141 0.574292 0.021875 0.083458
0 0.992797 0.600094 0.014000 0.087188
0 0.783555 0.544854 0.012391 0.022875
2 0.615695 0.597104 0.103703 0.082708
2 0.395672 0.562354 0.017531 0.039208
5 0.805813 0.636115 0.224094 0.161979
5 0.470789 0.590125 0.092922 0.119625
0 0.030336 0.710115 0.060672 0.575271
2 0.420875 0.582281 0.030750 0.088521
0 0.293734 0.643510 0.113281 0.134271
0 0.629141 0.574844 0.019000 0.016229
0 0.982977 0.600458 0.022141 0.094000
