1 0.751414 0.506498 0.182078 0.191439
2 0.292016 0.295307 0.073000 0.078915
3 0.505617 0.339009 0.034578 0.102689
0 0.440445 0.681450 0.331109 0.463467
0 0.754039 0.355295 0.145516 0.252382
0 0.367570 0.343939 0.050328 0.229811
0 0.644836 0.346415 0.036391 0.167500
0 0.614117 0.341380 0.049922 0.118373
0 0.791844 0.352170 0.077812 0.163255
0 0.197656 0.266333 0.020219 0.077524
0 0.476516 0.318526 0.028594 0.135307
5 0.260836 0.256108 0.072453 0.120943
0 0.899805 0.317972 0.036797 0.220236
0 0.497820 0.299186 0.016641 0.054269
0 0.405570 0.300495 0.027953 0.110330
0 0.846789 0.267594 0.027609 0.079717
2 0.364867 0.285142 0.066859 0.085283
3 0.172641 0.287842 0.011594 0.034599
0 0.550039 0.356108 0.039266 0.183915
0 0.250781 0.248821 0.092188 0.115566
