8 0.5609906542056076 0.48853125000000003 0.06788785046728972 0.066
1 0.8588785046728972 0.5936874999999999 0.2822429906542056 0.24515625000000002
0 0.3770654205607477 0.438171875 0.07214953271028038 0.16053125
0 0.5214953271028038 0.431078125 0.05689719626168224 0.114625
1 0.2523644859813084 0.4635625 0.07605607476635513 0.13009375
1 0.7975327102803738 0.45310937500000004 0.25757009345794396 0.11081250000000001
1 0.8109532710280374 0.4938515625 0.2675514018691589 0.203328125
1 0.6753271028037383 0.439328125 0.06385046728971962 0.0221875
1 0.3079532710280374 0.4688515625 0.1007663551401869 0.11582812499999999
1 0.0327570093457944 0.5786562500000001 0.0637943925233645 0.10049999999999999
1 0.9075981308411215 0.40449999999999997 0.10985046728971963 0.050375
1 0.6298785046728972 0.7517265625 0.7402429906542055 0.49654687500000005
1 0.41498130841121494 0.45659374999999996 0.056579439252336446 0.07525
1 0.9127757009345795 0.8984375 0.17444859813084113 0.1796875
1 0.540196261682243 0.6492812499999999 0.2516822429906542 0.248125
1 0.7168224299065421 0.5046875 0.5626168224299065 0.28125
