10 0.373015 0.821324 0.061193 0.086078
10 0.420637 0.832786 0.040752 0.063611
10 0.810645 0.819379 0.029036 0.036438
10 0.498709 0.832859 0.052157 0.060719
10 0.955008 0.832141 0.065180 0.041307
10 0.283088 0.797786 0.030588 0.026291
10 0.857059 0.802794 0.015392 0.016863
10 0.117410 0.808889 0.026127 0.038203
10 0.678791 0.796315 0.024837 0.014069
10 0.033113 0.800743 0.026324 0.037206
10 0.866381 0.826462 0.029690 0.025768
10 0.904861 0.820057 0.018317 0.015408
10 0.318064 0.802835 0.028056 0.021160
10 0.491013 0.796569 0.978758 0.034314
