8 0.408437 0.541380 0.022687 0.018986
10 0.479312 0.456167 0.021125 0.039222
10 0.495570 0.449304 0.019141 0.038231
10 0.550648 0.449906 0.014266 0.013113
10 0.571422 0.461297 0.024813 0.013962
10 0.606555 0.490224 0.025141 0.034552
10 0.685148 0.496722 0.025422 0.031840
10 0.652070 0.479422 0.025141 0.032052
10 0.634453 0.484104 0.025250 0.033066
10 0.450375 0.462229 0.012469 0.037005
10 0.436375 0.449658 0.019375 0.052571
10 0.553961 0.475991 0.024078 0.030472
10 0.515883 0.463856 0.020516 0.031627
10 0.532680 0.459670 0.028297 0.026274
5 0.270336 0.041781 0.092016 0.083137
10 0.611273 0.480483 0.022547 0.029693
10 0.632031 0.479953 0.132812 0.035377
