1 0.650980 0.705163 0.060359 0.037124
2 0.674837 0.630000 0.164085 0.075229
2 0.291838 0.373423 0.047173 0.029167
2 0.451340 0.392721 0.065686 0.031520
2 0.177075 0.348023 0.035817 0.023660
2 0.449673 0.349093 0.041405 0.019886
2 0.638562 0.417092 0.088007 0.031176
4 0.252377 0.535711 0.280212 0.191258
4 0.809869 0.408194 0.185294 0.087010
0 0.446667 0.844330 0.030163 0.090000
0 0.480065 0.814248 0.024477 0.088856
1 0.595727 0.583170 0.052271 0.034608
0 0.606299 0.552892 0.017173 0.033791
0 0.583007 0.353922 0.009085 0.020196
0 0.460564 0.725033 0.021552 0.069739
0 0.491985 0.730784 0.043121 0.080948
0 0.443521 0.778848 0.024428 0.064722
0 0.439788 0.712770 0.023856 0.077696
0 0.351789 0.855286 0.029820 0.106552
0 0.654600 0.687345 0.037010 0.068219
0 0.496912 0.577386 0.018824 0.053922
2 0.484861 0.387802 0.058709 0.032631
2 0.217337 0.362288 0.050915 0.028431
2 0.069910 0.370735 0.045310 0.021993
5 0.153342 0.411887 0.049363 0.060343
1 0.629845 0.578489 0.044853 0.033480
2 0.316324 0.369649 0.038497 0.029788
2 0.374191 0.383423 0.062500 0.031389
0 0.942574 0.904837 0.023480 0.046373
0 0.519240 0.579224 0.021846 0.048775
2 0.951953 0.444158 0.023382 0.051944
2 0.382353 0.343954 0.473856 0.178105
