2 0.395633 0.500139 0.035891 0.023064
2 0.339664 0.504735 0.046328 0.024513
2 0.615000 0.483384 0.036406 0.021365
0 0.196625 0.520710 0.208188 0.705933
0 0.978523 0.341964 0.042953 0.227716
0 0.681297 0.461128 0.021000 0.068273
0 0.692820 0.454150 0.012422 0.068802
0 0.399594 0.472354 0.015125 0.083148
0 0.626391 0.465167 0.017656 0.057855
0 0.841289 0.441267 0.024391 0.095460
2 0.512172 0.491072 0.038719 0.022145
2 0.548828 0.489276 0.007344 0.011421
2 0.454992 0.498440 0.036578 0.022451
2 0.073680 0.521365 0.046453 0.026852
2 0.289078 0.505097 0.028563 0.021838
2 0.927891 0.458189 0.031375 0.014206
0 0.418227 0.471045 0.016578 0.088329
0 0.705125 0.451616 0.011281 0.068969
0 0.554055 0.456351 0.012422 0.094930
0 0.710820 0.459401 0.008578 0.062312
2 0.017406 0.527535 0.033813 0.023816
2 0.663906 0.478552 0.023000 0.017827
2 0.567000 0.486616 0.020969 0.012451
