12 0.409164 0.720740 0.042859 0.086146
12 0.628500 0.491302 0.031594 0.048104
12 0.377391 0.638531 0.053094 0.054771
12 0.422602 0.604437 0.047609 0.054583
12 0.549734 0.473854 0.066094 0.094625
12 0.678063 0.467615 0.051406 0.086979
12 0.777508 0.679844 0.047359 0.057979
12 0.808563 0.652448 0.056750 0.056063
12 0.094484 0.490906 0.056500 0.093521
12 0.503711 0.607021 0.035672 0.067958
12 0.760711 0.653094 0.038547 0.058562
12 0.127727 0.432427 0.029109 0.054688
12 0.058977 0.565167 0.056109 0.056667
