10 0.445664 0.687397 0.023109 0.027300
10 0.372039 0.689325 0.016578 0.024270
10 0.331961 0.681501 0.018297 0.027906
10 0.566422 0.699945 0.017438 0.033388
10 0.690758 0.685455 0.019734 0.024353
10 0.761125 0.684780 0.011687 0.033691
10 0.493687 0.661006 0.013562 0.016391
10 0.492062 0.637906 0.008063 0.008650
10 0.428117 0.649077 0.006734 0.015785
10 0.466266 0.644669 0.010437 0.010771
10 0.554570 0.696777 0.014484 0.024793
10 0.579359 0.688678 0.013281 0.024353
10 0.630023 0.650702 0.010641 0.012259
10 0.539062 0.644628 0.171875 0.033058
