8 0.46646093749999995 0.8239411764705882 0.21251562499999999 0.1312705882352941
1 0.5048984375 0.7285294117647059 0.264546875 0.2514588235294118
2 0.3388671875 0.6002352941176471 0.047140625000000005 0.048894117647058824
2 0.10165625 0.6201058823529412 0.057406250000000006 0.046847058823529415
2 0.0246015625 0.6216352941176471 0.049203125 0.04948235294117647
2 0.21135156250000003 0.6095999999999999 0.041953125 0.04894117647058824
2 0.5895078125000001 0.6020823529411764 0.021234375 0.03762352941176471
0 0.5121328125 0.6150117647058824 0.12185937499999999 0.3150117647058823
2 0.506859375 0.6022823529411765 0.0195625 0.027341176470588233
2 0.3873125 0.6018 0.017875 0.02247058823529412
2 0.4408125 0.598635294117647 0.00990625 0.011952941176470588
2 0.17013281249999998 0.6146235294117647 0.057203125 0.047788235294117645
2 0.37556249999999997 0.6015764705882353 0.00834375 0.03294117647058824
