9 0.223828 0.814363 0.033156 0.090461
9 0.607984 0.612886 0.031781 0.033306
9 0.579516 0.614404 0.021531 0.031734
9 0.843328 0.608144 0.031187 0.040949
9 0.873242 0.603645 0.028797 0.041762
9 0.146242 0.745176 0.020859 0.041409
9 0.351844 0.776721 0.062594 0.074526
11 0.652547 0.771098 0.015594 0.034228
11 0.701430 0.790122 0.042766 0.040569
11 0.618031 0.775068 0.040344 0.042818
11 0.566469 0.791694 0.045031 0.024580
11 0.714117 0.764919 0.016672 0.018347
11 0.993789 0.808808 0.012422 0.034309
11 0.592500 0.769729 0.016406 0.053279
11 0.654141 0.800095 0.027656 0.021762
11 0.896578 0.810325 0.028125 0.018537
9 0.677258 0.796463 0.021516 0.028103
9 0.645344 0.796843 0.047406 0.027832
