8 0.40594 0.50532 0.15392 0.27768
0 0.57891 0.10464000000000001 0.09318000000000001 0.20624
0 0.12247 0.8209466666666667 0.23818 0.33784
0 0.40284 0.8875066666666667 0.2444 0.22498666666666667
0 0.6258 0.7294933333333333 0.08716 0.12816
0 0.67753 0.7988666666666666 0.30674 0.37527999999999995
0 0.8209500000000001 0.8322133333333332 0.20946 0.2928
0 0.97551 0.6644133333333333 0.048979999999999996 0.34232
0 0.30185 0.7737599999999999 0.27746 0.4461866666666667
0 0.42075 0.11793333333333332 0.09578 0.18413333333333332
0 0.68036 0.6681066666666667 0.12251999999999999 0.17424
0 0.73399 0.03929333333333333 0.07122 0.07858666666666667
