2 0.156406 0.323536 0.078063 0.036393
2 0.688969 0.315504 0.044656 0.024590
2 0.293594 0.306347 0.029125 0.038220
2 0.272813 0.303770 0.017938 0.027354
2 0.595133 0.318735 0.057672 0.014473
2 0.253969 0.303009 0.027844 0.024286
2 0.240898 0.315703 0.120859 0.030890
0 0.356086 0.608981 0.241391 0.665176
0 0.502258 0.622143 0.180609 0.599555
0 0.628922 0.625867 0.247031 0.654871
0 0.105016 0.299801 0.027750 0.050703
0 0.046062 0.307342 0.027625 0.077026
2 0.158266 0.296628 0.045750 0.020187
0 0.067812 0.305363 0.024688 0.081265
