6 0.321266 0.295375 0.024594 0.022750
6 0.382109 0.218422 0.035875 0.043375
6 0.416539 0.261133 0.029703 0.028922
6 0.533813 0.343125 0.026687 0.019844
6 0.498469 0.402859 0.034781 0.039750
6 0.449617 0.424375 0.032203 0.048281
6 0.191312 0.325273 0.029219 0.030109
6 0.317141 0.380148 0.031062 0.026203
6 0.548102 0.254820 0.034109 0.040359
6 0.441594 0.213891 0.032781 0.029375
6 0.422953 0.197523 0.026188 0.025984
6 0.375570 0.162047 0.030516 0.023219
6 0.293805 0.246305 0.029859 0.047766
6 0.477648 0.466992 0.030297 0.031609
6 0.517352 0.368883 0.027859 0.029672
6 0.362500 0.307812 0.678125 0.265625
