1 0.507492 0.940649 0.213047 0.118703
0 0.214375 0.792889 0.095281 0.328090
0 0.152031 0.820189 0.064656 0.293774
0 0.094695 0.825672 0.088734 0.328467
0 0.367219 0.757842 0.119875 0.206392
0 0.307594 0.769623 0.055719 0.212170
0 0.511008 0.741108 0.074734 0.189009
0 0.464125 0.756274 0.044469 0.189717
0 0.622344 0.767512 0.037406 0.220542
0 0.652117 0.762476 0.044578 0.212547
0 0.490445 0.706922 0.018984 0.045165
0 0.416312 0.744693 0.031281 0.096368
0 0.594016 0.758986 0.038719 0.137075
1 0.331094 0.925861 0.236125 0.148278
4 0.113117 0.678113 0.116953 0.107123
1 0.447461 0.860625 0.134453 0.131061
1 0.633180 0.931969 0.080641 0.136061
0 0.731977 0.774139 0.039203 0.200212
0 0.446875 0.778302 0.875000 0.278302
