1 0.914164 0.535406 0.086922 0.066521
1 0.958055 0.489146 0.044766 0.075875
1 0.984492 0.724115 0.031016 0.119813
2 0.745344 0.390479 0.066500 0.038083
0 0.776344 0.526938 0.057344 0.198625
0 0.689602 0.541438 0.042547 0.188833
0 0.750844 0.762927 0.092688 0.451688
0 0.553695 0.411094 0.018859 0.057937
0 0.096781 0.705760 0.066500 0.309688
0 0.529531 0.395490 0.014094 0.030437
0 0.229406 0.677792 0.088375 0.238250
0 0.905797 0.467792 0.070813 0.155708
0 0.391109 0.744708 0.097188 0.288250
0 0.559555 0.791010 0.161797 0.368521
0 0.649148 0.404802 0.025547 0.057479
3 0.753672 0.403667 0.051313 0.036917
5 0.887609 0.380896 0.043500 0.033792
6 0.472078 0.190698 0.005156 0.008104
6 0.477219 0.192604 0.004687 0.004583
6 0.491648 0.195052 0.005641 0.009062
0 0.882211 0.686406 0.114766 0.241229
1 0.650852 0.426677 0.019266 0.051354
2 0.789047 0.381406 0.041594 0.026979
3 0.802977 0.405021 0.052328 0.040250
6 0.484375 0.192740 0.003500 0.004604
0 0.673359 0.389927 0.008063 0.020604
1 0.533219 0.437396 0.011406 0.027417
0 0.853125 0.439583 0.046875 0.112500
