0 0.554208 0.422359 0.215583 0.405656
0 0.602958 0.266250 0.078250 0.131062
0 0.750563 0.138203 0.080917 0.105625
0 0.324292 0.139992 0.091542 0.104141
0 0.398156 0.140195 0.073146 0.103891
0 0.464802 0.097875 0.073104 0.091375
0 0.679677 0.133656 0.081396 0.108813
0 0.534313 0.151523 0.067333 0.083453
0 0.894958 0.136617 0.075500 0.099203
0 0.606656 0.082945 0.077229 0.071578
0 0.116948 0.147750 0.088604 0.098906
0 0.826969 0.135273 0.089896 0.114609
0 0.255719 0.142328 0.095438 0.104469
0 0.530208 0.278125 0.935417 0.556250
