8 0.2501875 0.7672448979591836 0.2124375 0.27789115646258505
1 0.051914062500000004 0.7125510204081633 0.10382812500000001 0.3397505668934241
1 0.0881640625 0.7193650793650794 0.11114062499999999 0.3333333333333333
1 0.19296875 0.5914172335600907 0.16709374999999999 0.5064172335600907
1 0.380953125 0.5543424036281179 0.30509375 0.40147392290249434
3 0.6172109375 0.6362585034013606 0.41832812500000005 0.5034013605442177
0 0.8516796874999999 0.4945918367346939 0.17320312499999999 0.7041043083900227
1 0.09667187499999999 0.6358616780045351 0.19334374999999998 0.46741496598639454
1 0.8684218749999999 0.911859410430839 0.26315625 0.14988662131519273
1 0.3877578125 0.49797052154195015 0.089890625 0.12124716553287981
