0 0.503945 0.433701 0.254234 0.543828
0 0.959422 0.690800 0.063750 0.439142
0 0.740023 0.697378 0.139234 0.384269
0 0.701344 0.640847 0.068094 0.171531
0 0.534883 0.730847 0.057266 0.293387
0 0.303164 0.648701 0.039141 0.148585
0 0.611391 0.728654 0.093812 0.328074
0 0.686375 0.767877 0.107531 0.223086
2 0.213273 0.650824 0.058234 0.072274
0 0.907055 0.671195 0.057297 0.390139
0 0.361062 0.668376 0.064406 0.160139
5 0.503000 0.580244 0.986031 0.804942
0 0.947672 0.509965 0.031281 0.022575
2 0.613094 0.701299 0.264125 0.285708
5 0.647203 0.702285 0.196188 0.291299
0 0.853922 0.687019 0.103281 0.430278
