2 0.696288 0.318781 0.055808 0.029000
2 0.909379 0.400016 0.071546 0.047375
2 0.981967 0.460469 0.036066 0.035906
2 0.284496 0.441594 0.096628 0.038125
2 0.609215 0.314406 0.037119 0.029594
2 0.058361 0.460656 0.051148 0.029625
4 0.761511 0.430773 0.143958 0.118672
5 0.820234 0.374984 0.107354 0.092937
0 0.685492 0.601742 0.015761 0.027391
0 0.334473 0.551031 0.023419 0.026500
0 0.516569 0.523477 0.020258 0.027609
0 0.668372 0.600570 0.011780 0.025516
2 0.576546 0.227664 0.035012 0.021922
5 0.629122 0.266930 0.082693 0.055734
0 0.570667 0.512016 0.015386 0.021750
0 0.693033 0.233781 0.010609 0.018156
0 0.830632 0.324109 0.013677 0.024844
0 0.965129 0.365484 0.011288 0.019750
0 0.708782 0.241992 0.008525 0.019328
0 0.767646 0.598414 0.023443 0.020922
5 0.751967 0.342539 0.056487 0.059453
2 0.750328 0.342055 0.058876 0.055516
5 0.622482 0.228227 0.044496 0.031891
