8 0.6615390624999999 0.677119140625 0.5684218750000001 0.61943359375
7 0.6735703125000001 0.536142578125 0.264359375 0.28994140625
3 0.29367968749999995 0.07186523437499999 0.113421875 0.13697265625
0 0.45572656250000004 0.325078125 0.185171875 0.65015625
0 0.61034375 0.21797851562499998 0.16359375 0.41798828125
0 0.9477734374999999 0.5109277343749999 0.104453125 0.97658203125
0 0.0350546875 0.50224609375 0.066515625 0.4921484375
3 0.349078125 0.081533203125 0.054781250000000004 0.15748046875
0 0.123734375 0.42533203124999996 0.24746875 0.84
0 0.778828125 0.153544921875 0.12075 0.30708984375
0 0.12020312500000001 0.398662109375 0.061375 0.15759765625
