10 0.674859 0.693573 0.035313 0.039146
10 0.602891 0.771094 0.032750 0.051479
11 0.740586 0.563073 0.038984 0.024979
10 0.742359 0.563562 0.036719 0.021708
10 0.696289 0.571323 0.020109 0.015771
10 0.678516 0.576313 0.024906 0.022708
10 0.706406 0.737417 0.035219 0.033250
10 0.941227 0.614479 0.029734 0.041167
10 0.930734 0.512802 0.033500 0.025396
10 0.868813 0.533771 0.019813 0.016625
10 0.800859 0.544385 0.014969 0.014813
10 0.405477 0.520646 0.012234 0.011292
10 0.384133 0.711479 0.017016 0.023708
10 0.400148 0.710552 0.021641 0.023188
10 0.529687 0.461458 0.937500 0.297917
