8 0.7786328124999999 0.6994037656903765 0.197015625 0.18817991631799164
2 0.29181250000000003 0.2710146443514645 0.5806250000000001 0.3925732217573222
2 0.5740078125 0.22599372384937239 0.174546875 0.1550418410041841
2 0.754203125 0.23561715481171547 0.18340625 0.10642259414225941
2 0.9164921875 0.25450836820083683 0.167015625 0.11746861924686192
2 0.678953125 0.20501046025104602 0.03903125 0.05106694560669456
0 0.23360937499999998 0.33097280334728035 0.15575 0.540355648535565
0 0.35171874999999997 0.3503347280334728 0.09190625 0.5123012552301255
0 0.7248125 0.17525104602510463 0.0138125 0.03292887029288703
0 0.7768984375 0.22027196652719663 0.049828125 0.16753138075313806
0 0.8228906250000001 0.2240899581589958 0.02603125 0.12286610878661088
0 0.7048359375000001 0.1909205020920502 0.024765625 0.055062761506276155
0 0.9476640625 0.1797384937238494 0.014703125000000001 0.03332635983263598
3 0.4610390625 0.21324267782426778 0.069890625 0.11744769874476987
5 0.29484374999999996 0.2858786610878661 0.58371875 0.4324267782426778
5 0.45435156250000003 0.14418410041841004 0.016796875 0.048912133891213384
0 0.960359375 0.5464016736401673 0.07928125 0.44121338912133895
0 0.44029687500000003 0.16462343096234308 0.016125 0.02728033472803347
2 0.8565078125000001 0.20943514644351463 0.042390625 0.04054393305439331
2 0.1524921875 0.2406694560669456 0.028796875 0.05456066945606694
2 0.0096328125 0.1664958158995816 0.019265625 0.04449790794979079
0 0.8855000000000001 0.21126569037656903 0.0316875 0.0947489539748954
0 0.912125 0.21953974895397493 0.0203125 0.02677824267782427
0 0.914890625 0.17669456066945607 0.01565625 0.03142259414225941
2 0.7982812499999999 0.389602510460251 0.32784375 0.26493723849372386
0 0.9284375 0.16838912133891212 0.01978125 0.024602510460251047
