2 0.904820 0.490437 0.049203 0.045825
2 0.961141 0.484913 0.045156 0.044575
2 0.862008 0.497038 0.046203 0.050275
2 0.694008 0.503175 0.150703 0.060900
2 0.993984 0.482312 0.012031 0.043975
4 0.634484 0.655550 0.158500 0.229100
0 0.504000 0.586987 0.011000 0.064375
0 0.480477 0.595962 0.007859 0.056325
0 0.470961 0.599050 0.011859 0.061200
0 0.514391 0.582113 0.009656 0.042975
4 0.197766 0.638238 0.157000 0.100225
0 0.831797 0.500238 0.009844 0.047575
0 0.681594 0.627313 0.016906 0.037125
2 0.694070 0.506425 0.051016 0.044800
2 0.972383 0.546050 0.055234 0.054800
0 0.648461 0.581400 0.010141 0.022000
0 0.605805 0.587163 0.005609 0.011975
0 0.617758 0.604862 0.004984 0.018475
0 0.628430 0.607013 0.009453 0.037775
0 0.586656 0.586437 0.010000 0.022875
0 0.897148 0.229638 0.004203 0.010625
0 0.641672 0.230912 0.005281 0.013275
0 0.543750 0.445000 0.862500 0.555000
