8 0.3388125 0.47862997658079626 0.15812500000000002 0.45028103044496487
2 0.7496562499999999 0.4564519906323185 0.5006875 0.4300936768149883
2 0.242546875 0.39182669789227165 0.47315625 0.24608899297423886
2 0.104203125 0.7584309133489462 0.20840625 0.40224824355971894
3 0.5935546875 0.4729742388758782 0.44479687500000004 0.6418735362997657
2 0.43543750000000003 0.3423419203747073 0.09703125 0.04814988290398126
2 0.4740234375 0.34987119437939107 0.104078125 0.08081967213114753
2 0.49114843750000003 0.3933489461358313 0.056609374999999997 0.10576112412177985
2 0.9646250000000001 0.2413231850117096 0.07075000000000001 0.024004683840749413
2 0.0189375 0.31807962529274003 0.037875 0.022388758782201406
