9 0.298156 0.555094 0.441406 0.561569
1 0.827695 0.599368 0.114797 0.125480
1 0.925195 0.600328 0.043422 0.090960
1 0.311656 0.651417 0.219219 0.125129
3 0.620172 0.613478 0.356719 0.364660
4 0.574172 0.426616 0.064094 0.142459
0 0.317422 0.381382 0.142000 0.387073
0 0.464133 0.563349 0.055391 0.234239
0 0.600109 0.585375 0.096437 0.391639
0 0.430648 0.506030 0.037203 0.086019
0 0.845445 0.516522 0.037172 0.100023
0 0.813055 0.568009 0.034547 0.195082
0 0.743055 0.537061 0.040078 0.187143
0 0.781359 0.559883 0.045219 0.171897
0 0.909734 0.564824 0.041281 0.164356
0 0.989461 0.561288 0.021078 0.166651
0 0.962109 0.557529 0.044375 0.193747
1 0.944102 0.618244 0.014078 0.034426
0 0.870211 0.559122 0.029172 0.174871
0 0.929055 0.566511 0.022859 0.144871
0 0.552344 0.558548 0.564063 0.255269
