8 0.48156 0.6067466666666665 0.10787999999999999 0.18741333333333335
2 0.76965 0.3394533333333333 0.45677999999999996 0.21122666666666665
2 0.1371 0.3688133333333333 0.2742 0.19138666666666665
3 0.69017 0.4786533333333333 0.17698 0.3460533333333334
3 0.85577 0.48434666666666665 0.28846 0.27882666666666667
3 0.55411 0.5991333333333334 0.19938 0.40184
3 0.13883 0.5603866666666667 0.2675 0.3769866666666667
4 0.25956 0.20224 0.51236 0.30112
0 0.47631999999999997 0.5244933333333334 0.13996 0.5296266666666667
0 0.3961 0.50484 0.06412000000000001 0.41586666666666666
0 0.61973 0.40681333333333336 0.12518 0.38173333333333337
0 0.36989 0.3782266666666667 0.0683 0.2538933333333333
0 0.10798 0.5263866666666667 0.10928 0.48141333333333336
0 0.8485900000000001 0.3887733333333334 0.10618000000000001 0.33258666666666664
0 0.89056 0.31776 0.07064 0.19349333333333335
3 0.31589 0.5555333333333333 0.0935 0.24397333333333332
2 0.022279999999999998 0.40674666666666665 0.0434 0.13466666666666666
0 0.34762 0.21396 0.03252 0.11885333333333334
0 0.04929000000000001 0.4980266666666666 0.07198 0.3118933333333333
4 0.74976 0.17205333333333334 0.50048 0.33840000000000003
