2 0.878789 0.685882 0.018828 0.017553
2 0.840508 0.626706 0.012641 0.008329
2 0.841758 0.665094 0.012984 0.010376
2 0.839461 0.634729 0.017609 0.012188
2 0.840008 0.604129 0.012297 0.011506
2 0.824109 0.611282 0.014563 0.010565
2 0.881664 0.716729 0.014547 0.007812
2 0.880266 0.709118 0.015406 0.010376
5 0.308508 0.696106 0.014391 0.020118
5 0.292398 0.766188 0.013422 0.017788
5 0.472781 0.813518 0.014031 0.019459
2 0.873656 0.648212 0.016000 0.009459
2 0.842211 0.651976 0.013953 0.011200
2 0.879867 0.700518 0.013484 0.008376
2 0.825125 0.658576 0.012719 0.007412
5 0.385961 0.698765 0.021109 0.019318
5 0.351375 0.685271 0.014125 0.024094
5 0.529414 0.730247 0.018391 0.027318
2 0.791672 0.677035 0.012719 0.010682
5 0.335398 0.771024 0.024828 0.027553
2 0.836719 0.622353 0.098437 0.124706
