2 0.428156 0.374115 0.237625 0.230979
3 0.459922 0.514792 0.099219 0.179375
0 0.467703 0.372469 0.150000 0.312354
5 0.888414 0.308594 0.173172 0.106062
0 0.917141 0.277094 0.028437 0.036479
0 0.618984 0.276438 0.021906 0.015583
2 0.210422 0.261896 0.026344 0.035583
2 0.009273 0.348885 0.018547 0.184271
5 0.081516 0.314938 0.161000 0.170000
5 0.582398 0.295844 0.192078 0.148354
2 0.268703 0.260354 0.026875 0.018458
2 0.249727 0.261937 0.017922 0.017167
2 0.236805 0.259083 0.020703 0.028292
2 0.841367 0.281396 0.067422 0.028833
5 0.803906 0.253552 0.190375 0.069104
