0 0.621000 0.876099 0.062440 0.247801
0 0.499120 0.958825 0.055800 0.082349
0 0.761410 0.866160 0.061700 0.263102
0 0.343120 0.519623 0.050920 0.120873
0 0.864150 0.874458 0.102740 0.247831
0 0.408560 0.716687 0.065120 0.223916
0 0.684140 0.865166 0.070120 0.247199
0 0.404020 0.862922 0.055800 0.274157
0 0.418800 0.588870 0.038280 0.141476
0 0.175090 0.565271 0.021420 0.031687
0 0.317410 0.806009 0.073380 0.201476
0 0.032140 0.753404 0.063400 0.220000
0 0.534040 0.855015 0.061320 0.289970
0 0.499000 0.634036 0.998000 0.725904
