2 0.862516 0.457211 0.258500 0.157686
2 0.226492 0.420899 0.013641 0.012707
0 0.438734 0.433998 0.013531 0.054525
2 0.173820 0.420186 0.013547 0.012603
2 0.198453 0.416570 0.011406 0.014421
2 0.851398 0.697428 0.265141 0.258822
2 0.528109 0.435527 0.061813 0.040475
2 0.283852 0.427314 0.022672 0.017521
2 0.136867 0.426591 0.019234 0.016033
2 0.564203 0.429442 0.024125 0.014174
2 0.254648 0.424752 0.018047 0.016033
2 0.212102 0.418574 0.011234 0.014050
2 0.143297 0.418110 0.010156 0.013409
2 0.165945 0.422717 0.013297 0.014153
