8 0.5284765625000001 0.6794375 0.297890625 0.2298333333333333
1 0.3854375 0.7796458333333334 0.6488125 0.41970833333333335
1 0.5536484374999999 0.5399166666666667 0.260734375 0.17595833333333333
0 0.5100703125 0.4487604166666667 0.107390625 0.35122916666666665
0 0.17996875 0.5498229166666666 0.1449375 0.6876458333333333
0 0.59290625 0.30574999999999997 0.054156249999999996 0.08387499999999999
0 0.3129140625 0.57628125 0.095640625 0.4943958333333333
0 0.7048515625 0.38939583333333333 0.055171875 0.14262499999999997
0 0.8057812499999999 0.3964375 0.055437499999999994 0.15575
0 0.24909374999999997 0.39114583333333336 0.053531249999999996 0.19258333333333333
0 0.32751562500000003 0.3542604166666667 0.062875 0.1143125
0 0.7619296875 0.38949999999999996 0.037296875 0.1295
0 0.62790625 0.33818750000000003 0.0306875 0.05570833333333333
0 0.0506484375 0.4819479166666667 0.101296875 0.5209375
0 0.6535 0.3471041666666667 0.03828125 0.06779166666666667
0 0.5576953125 0.33421875 0.041171875000000004 0.08502083333333334
