17 0.502734 0.470313 0.096094 0.165625
17 0.732422 0.049609 0.033594 0.074219
17 0.364844 0.068359 0.035937 0.074219
17 0.968359 0.076953 0.033594 0.091406
17 0.605469 0.082812 0.048438 0.078125
17 0.933203 0.082812 0.038281 0.084375
17 0.249219 0.899219 0.151562 0.192188
17 0.041016 0.093359 0.038281 0.086719
17 0.191016 0.098437 0.053906 0.115625
17 0.667969 0.105078 0.048438 0.082031
17 0.725781 0.125391 0.057813 0.097656
17 0.455469 0.132422 0.045312 0.086719
17 0.530469 0.171094 0.079687 0.129688
17 0.113672 0.182422 0.042969 0.105469
17 0.951562 0.211719 0.071875 0.129688
17 0.439844 0.226562 0.060937 0.125000
17 0.346875 0.025000 0.040625 0.050000
17 0.626563 0.025000 0.037500 0.050000
17 0.738281 0.233203 0.064062 0.100781
17 0.197266 0.233594 0.075781 0.110937
17 0.346094 0.279687 0.079687 0.125000
17 0.662500 0.299219 0.084375 0.151562
17 0.032813 0.029687 0.031250 0.059375
17 0.880469 0.029687 0.035937 0.059375
17 0.397656 0.035937 0.045312 0.071875
17 0.066406 0.346094 0.089063 0.139063
17 0.844141 0.375391 0.082031 0.144531
