16 0.343750 0.459736 0.086538 0.039663
16 0.332933 0.417668 0.060096 0.027644
16 0.319111 0.621995 0.066106 0.032452
16 0.284856 0.720553 0.093750 0.042067
16 0.435697 0.799279 0.212740 0.137019
16 0.867788 0.659856 0.052885 0.050481
16 0.646034 0.692308 0.056490 0.052885
16 0.530048 0.417668 0.050481 0.022837
16 0.768029 0.384014 0.146635 0.037260
16 0.913462 0.435697 0.043269 0.025240
16 0.862981 0.460938 0.043269 0.022837
16 0.959135 0.539062 0.076923 0.025240
16 0.943510 0.511418 0.060096 0.018029
16 0.676082 0.576322 0.063702 0.027644
16 0.728966 0.620793 0.039663 0.025240
16 0.611178 0.938702 0.116587 0.117788
