16 0.667668 0.612981 0.263221 0.197115
16 0.323918 0.852163 0.436298 0.276442
16 0.802284 0.937500 0.330529 0.120192
16 0.919471 0.746394 0.156250 0.137019
16 0.341346 0.456731 0.389423 0.163462
16 0.687500 0.384014 0.153846 0.066106
16 0.877404 0.436899 0.139423 0.099760
16 0.972356 0.513221 0.050481 0.060096
16 0.627404 0.185096 0.153846 0.052885
16 0.481971 0.279447 0.189904 0.063702
16 0.402043 0.218149 0.082933 0.037260
16 0.216947 0.229567 0.193510 0.069712
16 0.694111 0.124399 0.099760 0.037260
16 0.585938 0.106370 0.133413 0.039663
16 0.339543 0.155649 0.246394 0.066106
16 0.751202 0.068510 0.180288 0.069712
16 0.568510 0.343750 0.137019 0.052885
16 0.688101 0.280649 0.063702 0.037260
16 0.041466 0.709736 0.082933 0.106971
