16 0.794471 0.480769 0.060096 0.052885
16 0.620192 0.353966 0.250000 0.073317
16 0.123197 0.628005 0.236779 0.289663
16 0.050481 0.891226 0.100962 0.210337
16 0.558293 0.844952 0.371394 0.266827
16 0.757812 0.690505 0.078125 0.073317
16 0.524038 0.537861 0.129808 0.080529
16 0.385817 0.623197 0.060096 0.039663
16 0.337740 0.415865 0.060096 0.043269
16 0.702524 0.446514 0.111779 0.066106
16 0.718149 0.524038 0.046875 0.033654
16 0.835938 0.612380 0.056490 0.056490
16 0.799279 0.777644 0.060096 0.060096
16 0.382812 0.319712 0.169471 0.043269
