16 0.799391 0.792500 0.176906 0.170227
16 0.176344 0.613963 0.346437 0.256335
16 0.435250 0.825483 0.226750 0.253239
16 0.481727 0.307216 0.066578 0.040568
16 0.381039 0.407670 0.187078 0.122159
16 0.449375 0.239943 0.061250 0.025341
16 0.529555 0.261463 0.074734 0.022926
16 0.652289 0.450838 0.092078 0.066449
16 0.478578 0.195341 0.066531 0.027045
16 0.380172 0.199560 0.050969 0.029801
16 0.630086 0.335824 0.113297 0.080739
16 0.853086 0.579844 0.128047 0.125597
16 0.318141 0.252244 0.098781 0.061307
